#1
# Columns: 3 tuners, 2 criteria
double historyTunersCriteria(9,5)
      1.3240000000000000e+06      2.5000000000000000e+02      5.7700000000000000e+02           -1.0000000000000000e+00     -1.0000000000000000e+00
      1.8050000000000000e+06      2.5000000000000000e+02      5.7700000000000000e+02            1.0000000000000000e+06      1.0000000000000000e+06
      1.3240000000000000e+06      3.0550000000000000e+02      5.7700000000000000e+02           -1.0000000000000000e+00     -1.0000000000000000e+00
      1.3240000000000000e+06      2.5000000000000000e+02      5.0300000000000000e+02           -1.0000000000000000e+00     -1.0000000000000000e+00
      1.1000000000000000e+06      2.7711538461538464e+02      5.4084615384615370e+02           -1.0000000000000000e+00     -1.0000000000000000e+00
      1.5070000000000000e+06      2.7711538461538464e+02      5.4084615384615370e+02            1.0000000000000000e+06      1.0000000000000000e+06
      1.1000000000000000e+06      3.3261538461538464e+02      5.4084615384615370e+02           -1.0000000000000000e+00     -1.0000000000000000e+00
      1.1000000000000000e+06      2.7711538461538464e+02      6.1484615384615370e+02           -1.0000000000000000e+00     -1.0000000000000000e+00
      1.1000000000000000e+06      2.9561538461538464e+02      5.6551282051282033e+02           -1.0000000000000000e+00     -1.0000000000000000e+00
