    37.03200
    28.27200
     6.50700
     4.56900
     1.00000
     1.08000
     1.26400
    12.42000
    12.45500
    12.42800
    12.34900
     6.60800
     7.21600
     7.24600
     7.28100
     9.37000
     9.40200
     9.42900
     9.45500
     8.62200
     8.64600
     8.67100
     8.69600
     8.96800
     8.99500
     9.78200
     9.83200
     9.06900
     9.16700
     6.62300
     6.02600
 Surface T=     5.09100
A4j 6   101343.630317999996       10.899541677200        9.886583090410
AOj 6   304533.885603000002        0.000010785944       10.397681857600
AYj 6   782201.747973000049        0.000010000000       10.874374127700
A4p 6   101343.628165999995       10.899541677300        9.886583083650
AOp 6   306474.529517000017        0.000010757863       10.397538169100
AYp 6   784144.543724999996        0.000010000000       10.880154011400
A4j12   101343.578578000001       10.899541501500        9.893954183260
AOj12   304552.867535000027        0.000010786335       10.397630601200
A4p12   101343.576465000006       10.899541501600        9.893954129620
AOp12   306455.521797999972        0.000010757798       10.397606359300
 Number steps    3 Number iterations    14 Final time 0.12825000E+07
